FILE:inst_infl37_p0.txt 49 187
0 0 1  0 0 1  49 0 1  0 0 1  1780 0 49  0 60 49  
49 0 1  0 0 1  98 0 1  0 0 1  4181 0 49  0 60 49  
49 0 1  0 0 1  4181 0 49  0 60 49  1780 0 49  0 60 49  
98 0 1  0 0 1  147 0 1  0 0 1  6582 0 49  0 60 49  
98 0 1  0 0 1  6582 0 49  0 60 49  4181 0 49  0 60 49  
147 0 1  0 0 1  196 0 1  0 0 1  8983 0 49  0 60 49  
147 0 1  0 0 1  8983 0 49  0 60 49  6582 0 49  0 60 49  
196 0 1  0 0 1  245 0 1  0 0 1  11384 0 49  0 60 49  
196 0 1  0 0 1  11384 0 49  0 60 49  8983 0 49  0 60 49  
245 0 1  0 0 1  294 0 1  0 0 1  13785 0 49  0 60 49  
245 0 1  0 0 1  13785 0 49  0 60 49  11384 0 49  0 60 49  
294 0 1  0 0 1  343 0 1  0 0 1  16186 0 49  0 60 49  
294 0 1  0 0 1  16186 0 49  0 60 49  13785 0 49  0 60 49  
1780 0 49  0 60 49  4181 0 49  0 60 49  3560 0 49  0 120 49  
4181 0 49  0 60 49  6582 0 49  0 60 49  5961 0 49  0 120 49  
4181 0 49  0 60 49  5961 0 49  0 120 49  3560 0 49  0 120 49  
6582 0 49  0 60 49  8983 0 49  0 60 49  8362 0 49  0 120 49  
6582 0 49  0 60 49  8362 0 49  0 120 49  5961 0 49  0 120 49  
8983 0 49  0 60 49  11384 0 49  0 60 49  10763 0 49  0 120 49  
8983 0 49  0 60 49  10763 0 49  0 120 49  8362 0 49  0 120 49  
11384 0 49  0 60 49  13785 0 49  0 60 49  13164 0 49  0 120 49  
11384 0 49  0 60 49  13164 0 49  0 120 49  10763 0 49  0 120 49  
13785 0 49  0 60 49  16186 0 49  0 60 49  15565 0 49  0 120 49  
13785 0 49  0 60 49  15565 0 49  0 120 49  13164 0 49  0 120 49  
3560 0 49  0 120 49  5961 0 49  0 120 49  5340 0 49  0 180 49  
5961 0 49  0 120 49  8362 0 49  0 120 49  7741 0 49  0 180 49  
5961 0 49  0 120 49  7741 0 49  0 180 49  5340 0 49  0 180 49  
8362 0 49  0 120 49  10763 0 49  0 120 49  10142 0 49  0 180 49  
8362 0 49  0 120 49  10142 0 49  0 180 49  7741 0 49  0 180 49  
10763 0 49  0 120 49  13164 0 49  0 120 49  12543 0 49  0 180 49  
10763 0 49  0 120 49  12543 0 49  0 180 49  10142 0 49  0 180 49  
13164 0 49  0 120 49  15565 0 49  0 120 49  14944 0 49  0 180 49  
13164 0 49  0 120 49  14944 0 49  0 180 49  12543 0 49  0 180 49  
5340 0 49  0 180 49  7741 0 49  0 180 49  7120 0 49  0 240 49  
7741 0 49  0 180 49  10142 0 49  0 180 49  9521 0 49  0 240 49  
7741 0 49  0 180 49  9521 0 49  0 240 49  7120 0 49  0 240 49  
10142 0 49  0 180 49  12543 0 49  0 180 49  11922 0 49  0 240 49  
10142 0 49  0 180 49  11922 0 49  0 240 49  9521 0 49  0 240 49  
12543 0 49  0 180 49  14944 0 49  0 180 49  14323 0 49  0 240 49  
12543 0 49  0 180 49  14323 0 49  0 240 49  11922 0 49  0 240 49  
7120 0 49  0 240 49  9521 0 49  0 240 49  8900 0 49  0 300 49  
9521 0 49  0 240 49  11922 0 49  0 240 49  11301 0 49  0 300 49  
9521 0 49  0 240 49  11301 0 49  0 300 49  8900 0 49  0 300 49  
11922 0 49  0 240 49  14323 0 49  0 240 49  13702 0 49  0 300 49  
11922 0 49  0 240 49  13702 0 49  0 300 49  11301 0 49  0 300 49  
8900 0 49  0 300 49  11301 0 49  0 300 49  10680 0 49  0 360 49  
11301 0 49  0 300 49  13702 0 49  0 300 49  13081 0 49  0 360 49  
11301 0 49  0 300 49  13081 0 49  0 360 49  10680 0 49  0 360 49  
10680 0 49  0 360 49  13081 0 49  0 360 49  1780 0 7  0 60 7  
