N44C 44 15
11 0 1  0 3 1  209 0 16  0 39 16  12 0 1  0 2 1
11 0 1  0 3 1  12 0 1  0 2 1  41 0 4  0 9 4
11 0 1  0 3 1  41 0 4  0 9 4  33 0 4  0 9 4
209 0 16  0 39 16  121 0 8  0 15 8  225 0 16  0 23 16
209 0 16  0 39 16  225 0 16  0 23 16  12 0 1  0 2 1
33 0 4  0 9 4  41 0 4  0 9 4  15 0 2  0 3 2
33 0 4  0 9 4  15 0 2  0 3 2  11 0 2  0 3 2
41 0 4  0 9 4  12 0 1  0 2 1  45 0 4  0 5 4
41 0 4  0 9 4  45 0 4  0 5 4  19 0 2  0 3 2
41 0 4  0 9 4  19 0 2  0 3 2  15 0 2  0 3 2
12 0 1  0 2 1  225 0 16  0 23 16  13 0 1  0 1 1
12 0 1  0 2 1  13 0 1  0 1 1  45 0 4  0 5 4
121 0 8  0 15 8  143 0 8  0 9 8  127 0 8  0 9 8
121 0 8  0 15 8  125 0 8  0 11 8  13 0 1  0 1 1
11 0 2  0 3 2  19 0 2  0 3 2  65 0 8  0 9 8
11 0 2  0 3 2  65 0 8  0 9 8  33 0 8  0 9 8
19 0 2  0 3 2  45 0 4  0 5 4  21 0 2  0 1 2
19 0 2  0 3 2  21 0 2  0 1 2  35 0 4  0 3 4
19 0 2  0 3 2  35 0 4  0 3 4  27 0 4  0 3 4
125 0 8  0 11 8  129 0 8  0 7 8  27 0 2  0 1 2
125 0 8  0 11 8  27 0 2  0 1 2  13 0 1  0 1 1
45 0 4  0 5 4  13 0 1  0 1 1  49 0 4  0 1 4
45 0 4  0 5 4  49 0 4  0 1 4  21 0 2  0 1 2
33 0 8  0 9 8  65 0 8  0 9 8  27 0 4  0 3 4
33 0 8  0 9 8  27 0 4  0 3 4  11 0 4  0 3 4
127 0 8  0 9 8  143 0 8  0 9 8  149 0 8  0 3 8
127 0 8  0 9 8  149 0 8  0 3 8  133 0 8  0 3 8
143 0 8  0 9 8  165 0 8  0 3 8  149 0 8  0 3 8
13 0 1  0 1 1  14 0 1  0 0 1  49 0 4  0 1 4
129 0 8  0 7 8  133 0 8  0 3 8  14 0 1  0 0 1
129 0 8  0 7 8  14 0 1  0 0 1  27 0 2  0 1 2
11 0 4  0 3 4  27 0 4  0 3 4  43 0 8  0 3 8
11 0 4  0 3 4  43 0 8  0 3 8  11 0 8  0 3 8
27 0 4  0 3 4  35 0 4  0 3 4  6 0 1  0 0 1
27 0 4  0 3 4  6 0 1  0 0 1  4 0 1  0 0 1
35 0 4  0 3 4  91 0 8  0 3 8  59 0 8  0 3 8
11 0 8  0 3 8  43 0 8  0 3 8  4 0 1  0 0 1
11 0 8  0 3 8  4 0 1  0 0 1  0 0 1  0 0 1
59 0 8  0 3 8  91 0 8  0 3 8  10 0 1  0 0 1
59 0 8  0 3 8  10 0 1  0 0 1  6 0 1  0 0 1
91 0 8  0 3 8  14 0 1  0 0 1  10 0 1  0 0 1
133 0 8  0 3 8  165 0 8  0 3 8  18 0 1  0 0 1
133 0 8  0 3 8  18 0 1  0 0 1  14 0 1  0 0 1
165 0 8  0 3 8  22 0 1  0 0 1  18 0 1  0 0 1
