T77 77 15
0 0 1  0 0 1  3 0 1  0 0 1  7 0 2  0 1 2  
0 0 1  0 0 1  21 0 8  0 3 8  17 0 8  0 7 8  
3 0 1  0 0 1  6 0 1  0 0 1  13 0 2  0 1 2  
3 0 1  0 0 1  13 0 2  0 1 2  7 0 2  0 1 2  
6 0 1  0 0 1  9 0 1  0 0 1  19 0 2  0 1 2  
6 0 1  0 0 1  31 0 4  0 1 4  7 0 1  0 1 1  
9 0 1  0 0 1  12 0 1  0 0 1  25 0 2  0 1 2  
9 0 1  0 0 1  43 0 4  0 1 4  10 0 1  0 1 1  
12 0 1  0 0 1  15 0 1  0 0 1  31 0 2  0 1 2  
12 0 1  0 0 1  55 0 4  0 1 4  13 0 1  0 1 1  
15 0 1  0 0 1  17 0 1  0 0 1  71 0 4  0 3 4  
15 0 1  0 0 1  71 0 4  0 3 4  63 0 4  0 3 4  
17 0 1  0 0 1  19 0 1  0 0 1  79 0 4  0 3 4  
17 0 1  0 0 1  79 0 4  0 3 4  71 0 4  0 3 4  
19 0 1  0 0 1  21 0 1  0 0 1  87 0 4  0 3 4  
19 0 1  0 0 1  87 0 4  0 3 4  79 0 4  0 3 4  
21 0 1  0 0 1  23 0 1  0 0 1  95 0 4  0 3 4  
21 0 1  0 0 1  95 0 4  0 3 4  87 0 4  0 3 4  
23 0 1  0 0 1  25 0 1  0 0 1  103 0 4  0 3 4  
23 0 1  0 0 1  103 0 4  0 3 4  95 0 4  0 3 4  
25 0 1  0 0 1  29 0 1  0 0 1  211 0 8  0 3 8  
25 0 1  0 0 1  111 0 4  0 3 4  103 0 4  0 3 4  
29 0 1  0 0 1  33 0 1  0 0 1  243 0 8  0 3 8  
29 0 1  0 0 1  243 0 8  0 3 8  211 0 8  0 3 8  
31 0 4  0 1 4  19 0 2  0 1 2  35 0 4  0 5 4  
31 0 4  0 1 4  35 0 4  0 5 4  7 0 1  0 1 1  
43 0 4  0 1 4  25 0 2  0 1 2  47 0 4  0 5 4  
43 0 4  0 1 4  47 0 4  0 5 4  10 0 1  0 1 1  
55 0 4  0 1 4  31 0 2  0 1 2  59 0 4  0 5 4  
55 0 4  0 1 4  59 0 4  0 5 4  13 0 1  0 1 1  
21 0 8  0 3 8  21 0 4  0 3 4  19 0 4  0 5 4  
21 0 8  0 3 8  19 0 4  0 5 4  17 0 8  0 7 8  
211 0 8  0 3 8  243 0 8  0 3 8  111 0 4  0 3 4  
7 0 2  0 1 2  13 0 2  0 1 2  7 0 1  0 1 1  
19 0 2  0 1 2  21 0 2  0 3 2  35 0 4  0 5 4  
25 0 2  0 1 2  27 0 2  0 3 2  47 0 4  0 5 4  
31 0 2  0 1 2  33 0 2  0 3 2  59 0 4  0 5 4  
21 0 4  0 3 4  63 0 8  0 9 8  59 0 8  0 13 8  
21 0 4  0 3 4  101 0 16  0 19 16  17 0 4  0 7 4  
63 0 4  0 3 4  71 0 4  0 3 4  37 0 2  0 3 2  
63 0 4  0 3 4  37 0 2  0 3 2  33 0 2  0 3 2  
71 0 4  0 3 4  79 0 4  0 3 4  41 0 2  0 3 2  
71 0 4  0 3 4  41 0 2  0 3 2  37 0 2  0 3 2  
79 0 4  0 3 4  95 0 4  0 3 4  169 0 8  0 9 8  
79 0 4  0 3 4  45 0 2  0 3 2  41 0 2  0 3 2  
95 0 4  0 3 4  111 0 4  0 3 4  201 0 8  0 9 8  
95 0 4  0 3 4  201 0 8  0 9 8  169 0 8  0 9 8  
17 0 8  0 7 8  19 0 4  0 5 4  17 0 4  0 7 4  
10 0 1  0 1 1  47 0 4  0 5 4  11 0 1  0 2 1  
13 0 1  0 1 1  33 0 2  0 3 2  27 0 2  0 3 2  
63 0 8  0 9 8  21 0 2  0 3 2  10 0 1  0 2 1  
63 0 8  0 9 8  143 0 16  0 25 16  55 0 8  0 17 8  
169 0 8  0 9 8  201 0 8  0 9 8  45 0 2  0 3 2  
101 0 16  0 19 16  59 0 8  0 13 8  85 0 16  0 35 16  
101 0 16  0 19 16  85 0 16  0 35 16  17 0 4  0 7 4  
47 0 4  0 5 4  27 0 2  0 3 2  51 0 4  0 9 4  
47 0 4  0 5 4  51 0 4  0 9 4  11 0 1  0 2 1  
21 0 2  0 3 2  45 0 4  0 9 4  19 0 2  0 5 2  
27 0 2  0 3 2  33 0 2  0 3 2  13 0 1  0 2 1  
33 0 2  0 3 2  39 0 2  0 3 2  16 0 1  0 2 1  
33 0 2  0 3 2  16 0 1  0 2 1  13 0 1  0 2 1  
39 0 2  0 3 2  45 0 2  0 3 2  19 0 1  0 2 1  
39 0 2  0 3 2  19 0 1  0 2 1  16 0 1  0 2 1  
143 0 16  0 25 16  10 0 1  0 2 1  127 0 16  0 41 16  
143 0 16  0 25 16  127 0 16  0 41 16  55 0 8  0 17 8  
59 0 8  0 13 8  51 0 8  0 21 8  85 0 16  0 35 16  
10 0 1  0 2 1  9 0 1  0 3 1  127 0 16  0 41 16  
11 0 1  0 2 1  51 0 4  0 9 4  12 0 1  0 3 1  
13 0 1  0 2 1  16 0 1  0 2 1  25 0 2  0 5 2  
16 0 1  0 2 1  19 0 1  0 2 1  31 0 2  0 5 2  
16 0 1  0 2 1  31 0 2  0 5 2  25 0 2  0 5 2  
55 0 8  0 17 8  9 0 1  0 3 1  51 0 8  0 21 8  
45 0 4  0 9 4  12 0 1  0 3 1  41 0 4  0 13 4  
45 0 4  0 9 4  41 0 4  0 13 4  19 0 2  0 5 2  
19 0 2  0 5 2  41 0 4  0 13 4  17 0 2  0 7 2  
25 0 2  0 5 2  31 0 2  0 5 2  12 0 1  0 3 1  
51 0 8  0 21 8  9 0 1  0 3 1  17 0 2  0 7 2  
