FILE:../private/inst/pgram22.txt 22 15
0 0 1  0 0 1  2 0 1  0 0 1  11 0 4  0 3 4  
2 0 1  0 0 1  4 0 1  0 0 1  19 0 4  0 3 4  
2 0 1  0 0 1  19 0 4  0 3 4  11 0 4  0 3 4  
4 0 1  0 0 1  7 0 1  0 0 1  15 0 2  0 1 2  
4 0 1  0 0 1  23 0 4  0 1 4  5 0 1  0 1 1  
7 0 1  0 0 1  9 0 1  0 0 1  39 0 4  0 3 4  
7 0 1  0 0 1  39 0 4  0 3 4  31 0 4  0 3 4  
9 0 1  0 0 1  11 0 1  0 0 1  47 0 4  0 3 4  
9 0 1  0 0 1  47 0 4  0 3 4  39 0 4  0 3 4  
11 0 1  0 0 1  55 0 4  0 3 4  47 0 4  0 3 4  
23 0 4  0 1 4  15 0 2  0 1 2  27 0 4  0 5 4  
23 0 4  0 1 4  27 0 4  0 5 4  5 0 1  0 1 1  
15 0 2  0 1 2  17 0 2  0 3 2  27 0 4  0 5 4  
11 0 4  0 3 4  19 0 4  0 3 4  11 0 2  0 3 2  
31 0 4  0 3 4  39 0 4  0 3 4  21 0 2  0 3 2  
31 0 4  0 3 4  21 0 2  0 3 2  17 0 2  0 3 2  
39 0 4  0 3 4  47 0 4  0 3 4  25 0 2  0 3 2  
39 0 4  0 3 4  25 0 2  0 3 2  21 0 2  0 3 2  
47 0 4  0 3 4  55 0 4  0 3 4  29 0 2  0 3 2  
47 0 4  0 3 4  29 0 2  0 3 2  25 0 2  0 3 2  
55 0 4  0 3 4  33 0 2  0 3 2  29 0 2  0 3 2  
5 0 1  0 1 1  17 0 2  0 3 2  11 0 2  0 3 2  
